Results for 1-mer:
    step_divisor  temperature  k       p_value       jsd
9             10          1.0  1  7.322993e-17  0.000217
12            25          1.0  1  3.096112e-16  0.000211
15            50          1.0  1  5.657619e-13  0.000181
18           100          1.0  1  6.820233e-13  0.000191
3              2          1.0  1  1.901049e-12  0.000174
0              1          1.0  1  5.527171e-11  0.000159
6              5          1.0  1  6.273305e-11  0.000159

Results for 2-mer:
    step_divisor  temperature  k       p_value       jsd
19           100          1.0  2  5.661277e-70  0.002176
16            50          1.0  2  5.584601e-50  0.001778
13            25          1.0  2  1.015585e-29  0.001458
10            10          1.0  2  1.564599e-15  0.001202
7              5          1.0  2  5.136965e-13  0.001148
1              1          1.0  2  9.672820e-11  0.001096
4              2          1.0  2  2.845609e-09  0.001060

Results for 3-mer:
    step_divisor  temperature  k       p_value       jsd
20           100          1.0  3  3.463117e-64  0.020718
17            50          1.0  3  2.655059e-43  0.018673
14            25          1.0  3  1.001625e-23  0.017505
8              5          1.0  3  1.658203e-11  0.016666
11            10          1.0  3  5.561267e-11  0.016613
2              1          1.0  3  5.556181e-10  0.016476
5              2          1.0  3  3.172899e-09  0.016434

All results sorted by 3-mer p-value (lower is better):
                               jsd                           p_value                            
k                                1         2         3             1             2             3
step_divisor temperature                                                                        
2            1.0          0.000174  0.001060  0.016434  1.901049e-12  2.845609e-09  3.172899e-09
1            1.0          0.000159  0.001096  0.016476  5.527171e-11  9.672820e-11  5.556181e-10
10           1.0          0.000217  0.001202  0.016613  7.322993e-17  1.564599e-15  5.561267e-11
5            1.0          0.000159  0.001148  0.016666  6.273305e-11  5.136965e-13  1.658203e-11
25           1.0          0.000211  0.001458  0.017505  3.096112e-16  1.015585e-29  1.001625e-23
50           1.0          0.000181  0.001778  0.018673  5.657619e-13  5.584601e-50  2.655059e-43
100          1.0          0.000191  0.002176  0.020718  6.820233e-13  5.661277e-70  3.463117e-64

Best combination: step_divisor=2, temperature=1.0