Results for 1-mer:
    step_divisor  temperature  k       p_value       jsd
0             25         0.10  1  0.000000e+00  0.561709
3             25         0.25  1  0.000000e+00  0.392266
6             25         0.50  1  0.000000e+00  0.115522
9             25         0.70  1  0.000000e+00  0.018950
15            25         1.50  1  0.000000e+00  0.009021
18            25         2.00  1  0.000000e+00  0.016778
12            25         1.00  1  1.846185e-16  0.000214

Results for 2-mer:
    step_divisor  temperature  k       p_value       jsd
1             25         0.10  2  0.000000e+00  0.810304
4             25         0.25  2  0.000000e+00  0.585976
7             25         0.50  2  0.000000e+00  0.201564
10            25         0.70  2  0.000000e+00  0.037437
16            25         1.50  2  0.000000e+00  0.019612
19            25         2.00  2  0.000000e+00  0.035532
13            25         1.00  2  1.826848e-33  0.001518

Results for 3-mer:
    step_divisor  temperature  k       p_value       jsd
2             25         0.10  3  0.000000e+00  0.910910
5             25         0.25  3  0.000000e+00  0.702481
8             25         0.50  3  0.000000e+00  0.281309
11            25         0.70  3  0.000000e+00  0.068512
17            25         1.50  3  0.000000e+00  0.045250
20            25         2.00  3  0.000000e+00  0.069176
14            25         1.00  3  9.944896e-30  0.017847

All results sorted by 3-mer p-value (lower is better):
                               jsd                           p_value                            
k                                1         2         3             1             2             3
step_divisor temperature                                                                        
25           1.00         0.000214  0.001518  0.017847  1.846185e-16  1.826848e-33  9.944896e-30
             1.50         0.009021  0.019612  0.045250  0.000000e+00  0.000000e+00  0.000000e+00
             0.70         0.018950  0.037437  0.068512  0.000000e+00  0.000000e+00  0.000000e+00
             2.00         0.016778  0.035532  0.069176  0.000000e+00  0.000000e+00  0.000000e+00
             0.50         0.115522  0.201564  0.281309  0.000000e+00  0.000000e+00  0.000000e+00
             0.25         0.392266  0.585976  0.702481  0.000000e+00  0.000000e+00  0.000000e+00
             0.10         0.561709  0.810304  0.910910  0.000000e+00  0.000000e+00  0.000000e+00

Best combination: step_divisor=25, temperature=1.0